time,x,y,z,phi,theta,psi,x_velocity,y_velocity,z_velocity,phi_velocity,theta_velocity,psi_velocity,rotor_speed1,rotor_speed2,rotor_speed3,rotor_speed4
0.06,-2.2036908171553753e-09,7.566390969422348e-07,10.001083613773945,0.0006357140286050722,3.1582619079983942e-06,0.0,-2.1979365281118167e-07,5.989527560335448e-05,0.036119608523896375,0.02610636400227636,0.00015771502029123265,0.0,416.2496299560625,416.26342785199745,414.8784250478505,417.1638123534459
0.12000000000000001,-9.331223398735082e-08,2.6421066581757513e-05,10.00931635995169,0.002307946198600419,6.282844275529406,0.0,1.225246369381556e-05,0.0009855139722006832,0.23828390428447432,0.031183550615330936,-0.02139718257499266,0.0,469.2761568053378,467.6003829444309,467.76757273770085,468.1628706513157
0.18,1.417859619312957e-05,0.0001476668633423409,10.029353537151012,0.0037901557748751813,6.281173089773546,0.0,0.0006284683893606545,0.0032553029040378618,0.4295682990934115,0.006784032297954653,-0.045673287092089745,0.0,465.9180384334101,464.0162367283368,466.08038067775107,464.1698944375867
0.23999999999999996,0.00011285946772066463,0.00043712633229096344,10.061698364054585,0.004563492815257142,6.278506696183706,0.0,0.00298389320858104,0.00646614937541766,0.6484924780385412,0.022927023453560083,-0.04208134086519707,0.0,474.02983554298925,474.3047399628687,471.92917749348373,473.17325835124694
0.3,0.00039814111398491273,0.0009249199994590124,10.10360943161993,0.006209012256385371,6.27606317229907,0.0,0.006778452325955453,0.009948694952290962,0.7484802590396146,0.03517134406007122,-0.038143452744366015,0.0,436.29981839213747,436.627518823677,437.7303733846172,438.7481776118937
0.36000000000000004,0.0009681188240378202,0.0016665039909802963,10.152790915660795,0.008015621141726825,6.275066155455876,0.0,0.012378385339677906,0.014985003814218075,0.890799293017805,0.017340148365169276,0.008388877343285727,0.0,448.33680601805423,452.100977704734,451.9568902810726,450.5179040610929
0.4200000000000001,0.0018716036081870586,0.002732589328639092,10.208834443096848,0.009643133227525524,6.276727303328707,0.0,0.017613781664156294,0.02068893978203096,0.9772476819936919,0.04173418266426587,0.0510850885117933,0.0,431.1482411083261,434.7403318561408,432.8516841983207,434.89965130219167
0.48000000000000015,0.0030500514213194813,0.004182473926383437,10.270451334540843,0.011821450996077232,6.279735684990152,0.0,0.02135772215552078,0.02788142356829758,1.0765591520848345,0.0223044624417511,0.048179228137070346,0.0,437.9050412830905,437.6649076985763,438.37037173564926,436.7536464692868
0.5400000000000001,0.004391480606185942,0.0061074070007797595,10.33827534910152,0.012839812318268251,0.00011143554081094464,0.0,0.02301714344676526,0.036406323030709564,1.1841349604400904,0.0033000511287587008,0.07547704527342966,0.0,438.93972742811684,441.2013966851347,441.6891725900498,440.1191779819859
0.6000000000000002,0.005747637629933514,0.008620999297283183,10.417241441370518,0.012805951832485896,0.005034296391143833,0.0,0.021588698557922885,0.047388336007613274,1.4477711108336349,-0.00970274859718526,0.09270765046607232,0.0,485.9636484109942,487.25808389565185,488.78899770593665,487.81913447053955
0.6600000000000003,0.00693532515736238,0.011689324179753635,10.504167761523417,0.011792907167131439,0.01076683553243818,0.0,0.017506207917173135,0.054824966190023215,1.4497678281938653,-0.037845108710675944,0.10067818676082739,0.0,407.05976510145695,407.7809890113933,407.3995300403737,404.8755723981107
0.7200000000000003,0.007754808299855554,0.015199869581444345,10.592921606434597,0.009719208842893678,0.016496342119953766,0.0,0.009243624866952063,0.06198444856035625,1.5086128696679546,-0.028693914334491023,0.0823195010675632,0.0,426.64851206796635,425.0863775106733,425.3021212856176,426.0845448988897
0.7800000000000004,0.00796921952131395,0.019102788132971577,10.685319633731442,0.007492337446580066,0.02126152962311778,0.0,-0.0025638798018334085,0.0679318580468271,1.5712303523715017,-0.06483242735806186,0.07288203658411543,0.0,426.7071095720214,425.90609124895394,429.6143451030596,426.53838194503084
0.8400000000000004,0.007303034045992804,0.023335889436003957,10.785137611539659,0.003777502457204207,0.025183592559162804,0.0,-0.020119912797081384,0.0727346802623508,1.755762427647433,-0.05663885424936184,0.0428146643734937,0.0,467.4047823257383,465.05854452513597,464.21955693997813,464.8594007217536
0.9000000000000005,0.00553744900501422,0.027768182110229696,10.894546123594914,0.00038930782563717514,0.028406928912289686,0.0,-0.03904419237550966,0.07464374123300975,1.8909666009353416,-0.056134282883424945,0.06956690752997398,0.0,449.9081389155939,452.0705237309297,450.97190230103695,451.0105286293089
0.9600000000000005,0.002627683341061699,0.0322419528419948,11.009749880825858,6.279942586397322,0.033195575645400766,0.0,-0.058379509688483794,0.07414833305453224,1.9490476478442953,-0.07122637862716233,0.09492828030271812,0.0,425.1396631381727,427.3122001519277,428.47637859813346,427.1886228002351
1.0200000000000005,-0.0016244111760772661,0.036602732754350456,11.130891108702386,6.275946823243979,0.03835459436152089,0.0,-0.08394866070104594,0.07076735295484755,2.0887247743743664,-0.05865633994885289,0.054472529179097506,0.0,454.93412754042436,451.6887714128979,452.3789928311438,453.38669984296575
1.0800000000000005,-0.0075803296709571035,0.040662665786029395,11.262131885659675,6.272607845165373,0.04165118733388695,0.0,-0.11494925194253276,0.06416856864402602,2.285575663025705,-0.050230150896837605,0.05586799689165657,0.0,470.32845914842545,470.43836122199536,471.08372333614227,471.73287463658465
1.1400000000000006,-0.015556239601883739,0.0442289009997393,11.4070646897655,6.269310426220475,0.04612882297878773,0.0,-0.15140132456603633,0.0543188622034769,2.5449488571274164,-0.06665421171801167,0.09761075615982884,0.0,488.43517300927397,491.5416119782181,490.30657545997184,489.0830961694807
1.2000000000000006,-0.02586837091114616,0.04710856818492309,11.568088808243392,6.2657481626160845,0.051535045158741966,0.0,-0.1930373618448083,0.04119931974091809,2.821834747870076,-0.0477791604555473,0.06759567447925936,0.0,496.69861338851246,494.4981208954021,495.61438532085134,496.9974977478016
1.2600000000000007,-0.038604467671698235,0.0491846898498997,11.7417461617284,6.262605386820605,0.054998590961646165,0.0,-0.2319290748528818,0.027687984980835287,2.9663452064554017,-0.06368466616657,0.000632552799849348,0.0,461.52148133583887,456.20713784687456,459.01484568750857,457.7490974476422
1.3200000000000007,-0.05363971718420848,0.05041293498256761,11.92239162344971,6.258726662414299,0.055072472224362734,0.0,-0.2692394784022928,0.012872595386648249,3.0549237595851664,-0.06663865141833421,0.0024029353630736303,0.0,442.74765464923297,442.8932624744938,441.50597041789223,441.259074471959
1.3800000000000008,-0.07083276479529216,0.050710795401592956,12.106844675849842,6.254787099510397,0.05534699595792869,0.0,-0.30387727362817574,-0.0033096379408327934,3.0933919524758884,-0.06377034942286819,0.008600448338693622,0.0,426.36188664236875,426.8909840193274,426.2942610106248,426.53589937905775
1.4400000000000008,-0.09003929530163664,0.05000184552385573,12.292307851140505,6.250837970333414,0.05633609107851001,0.0,-0.33641060081830765,-0.02065794973699213,3.088706972256037,-0.07026511349224517,0.02883965654650997,0.0,410.820222958416,412.61091089418085,413.40100255028193,412.8247118330725
1.5000000000000009,-0.11151309053148042,0.048010164855170366,12.482671283703711,6.246863978260343,0.057848261348289576,0.0,-0.3795407783469241,-0.046172546754786326,3.2562441137728704,-0.05919438909479223,0.016702651196508597,0.0,467.9648948252595,467.01924867415056,466.4407121005078,467.3014156971169
1.560000000000001,-0.13554873638694132,0.044436746050030396,12.682087674220844,6.2431828571174925,0.05889345778007904,0.0,-0.42173640720880196,-0.07331282533150942,3.3905493859874287,-0.06605775413816826,0.018817174473881017,0.0,457.92324804465204,458.0913422415163,458.5864651796104,458.0383667998161
1.620000000000001,-0.16213399309971854,0.03915760396192047,12.889460949441158,6.239311036895586,0.05974466547546875,0.0,-0.46452556994409566,-0.10305872914849674,3.521463852030458,-0.061639587159255424,0.00278415733484299,0.0,457.9626795706272,456.6854754036764,458.50407494075586,458.85204154630435
1.680000000000001,-0.19116374083575802,0.032114112503091416,13.102380136025165,6.235835817997216,0.05967061302895704,0.0,-0.503131582074378,-0.13205669420926555,3.5756475497452085,-0.05136450963105626,-0.010812029712958367,0.0,436.3760999669274,435.2396406243761,433.45389188074614,434.31412908185024
1.740000000000001,-0.22262070240326265,0.023174432641970607,13.320455247819384,6.232925625896428,0.0593949096222115,0.0,-0.5453691929570387,-0.16622673750592437,3.693125150332486,-0.043321490514111084,0.005595904009580944,0.0,455.0441261161366,456.3558405211774,454.32236430822013,454.9654067047083
1.8000000000000012,-0.2564807341036047,0.012235874666689713,13.543401466019883,6.230987358296527,0.05965611001985316,0.0,-0.5833217377233275,-0.1985908024963291,3.7382431307509485,-0.016340642204611226,0.0017444617559037908,0.0,433.6282075272027,433.3044484928828,431.8097589421246,434.0794146830807
1.8600000000000012,-0.29282209110288016,-0.00084916150021938,13.772344921445242,6.229821409432446,0.06095559823948182,0.0,-0.6281246277841548,-0.23766614621762452,3.8926622344914428,-0.026470791273967596,0.045517058567998384,0.0,465.7832302545142,469.1942116325989,468.03796813558097,467.24889553434303
1.9200000000000013,-0.33203381009427074,-0.016430216482516326,14.012876295281831,6.229236211398661,0.0637823427921358,0.0,-0.6792233999940045,-0.28177432561680865,4.124191283321682,0.01160177510416501,0.05012517439937824,0.0,491.1110367045326,491.4538248864815,489.7471437654144,492.5709611327845
1.9800000000000013,-0.3743783322183679,-0.0346591640034506,14.267217192461684,6.23004392109671,0.06694524712354788,0.0,-0.7325828859245347,-0.3257187492252624,4.35294751096521,0.016944036979297483,0.05744640216142316,0.0,492.01775874828155,492.56103334184417,491.71936116416424,492.11485055082164
2.0400000000000014,-0.41965501301548114,-0.055230129944012475,14.530118881004768,6.230887163145873,0.07023167641340322,0.0,-0.7769507593557926,-0.3598778298627369,4.4101801755461585,0.007536738786851795,0.04880925449962181,0.0,443.32081181685277,442.6124780534299,442.23102370702543,441.4552737108586
2.1000000000000014,-0.4679854490026852,-0.07807836504435194,14.80108156119075,6.231317877302155,0.07277696746429285,0.0,-0.8343380310878556,-0.4016333034520316,4.6210260087021915,0.006452405846817954,0.024877515014339453,0.0,490.3186486711649,488.5380765158837,489.0993212794028,489.0184332645327
2.1600000000000015,-0.5197922568954372,-0.10340555067021595,15.084373136844635,6.231697922348985,0.07458983233144956,0.0,-0.892695070852571,-0.44251849589648906,4.821157344310222,0.006096373997349102,0.03918159498339484,0.0,487.87853035194007,488.9456579144653,487.36357257467864,487.33685044582666
2.2200000000000015,-0.5747076897859019,-0.13087538379977312,15.37380355452978,6.231736141270872,0.07769559009629567,0.0,-0.9380692365169245,-0.4731210227354197,4.826454753036201,-0.013474419153858932,0.06933887249471428,0.0,428.67918864565866,431.2362043595242,430.9159630165923,429.25815716934625
2.2800000000000016,-0.6326512354290542,-0.1603441519113981,15.666636199178061,6.230456539624885,0.08241009530118237,0.0,-0.9938109415458343,-0.5092445377649569,4.934090022211547,-0.045662763229788156,0.09254908945235264,0.0,461.9424497734095,463.77380218009336,463.2960917164542,460.75787715273674
2.3400000000000016,-0.693917466196054,-0.19193446931055294,15.964410296264194,6.227665942942199,0.08767819949984812,0.0,-1.048897496872358,-0.5440140618381192,4.991358095827192,-0.048259964921061105,0.0760445253353814,0.0,449.4513670164597,448.11775379271154,447.389889981442,447.17707478392737
2.4000000000000017,-0.7583777932286218,-0.2255322725792795,16.26323493048361,6.224384984956888,0.09193154431365524,0.0,-1.100165087924276,-0.5761708945990136,4.969466569238537,-0.0723624463544618,0.057815533112289985,0.0,423.61750465612664,422.05086950219044,424.6199740451136,422.54452270807246
2.4600000000000017,-0.8262950836272598,-0.2613177590616029,16.564060546786315,6.220400206533299,0.09618124816998996,0.0,-1.1641076502530983,-0.6170665654679887,5.0575473695265165,-0.05659189690948315,0.0888285085024833,0.0,457.59549683041485,460.06139166225455,457.2708182232861,458.52233560957063
2.520000000000002,-0.89797657142923,-0.2995262885358151,16.86845175537163,6.217028534500148,0.10107073849864534,0.0,-1.2257405046599656,-0.656848365003952,5.088559939831755,-0.055411735148598186,0.05981398268677655,0.0,443.3315718169431,440.94588402343726,440.93765673964236,441.03298339950567
2.580000000000002,-0.9732463013561212,-0.34005568546596787,17.172769206571704,6.2136270852084365,0.10442431957522924,0.0,-1.2835597175154816,-0.6944153522986808,5.055399895674777,-0.05937906018838673,0.046599441381695146,0.0,421.43188997209376,420.29020579107356,421.57531182437,421.2299160175026
2.640000000000002,-1.052198513593369,-0.3830008998008737,17.476574330107635,6.21041892721453,0.10733136878209759,0.0,-1.3484373503662261,-0.7373851972194263,5.071256207589077,-0.043701953859950016,0.0519167632387694,0.0,438.0310286299349,438.4745356070249,435.41232371193723,436.72009114527617
2.700000000000002,-1.135057709161303,-0.42855130918747875,17.780930017470826,6.207837291721036,0.11035156297753446,0.0,-1.4138127634304083,-0.7811863617714027,5.073810940668761,-0.04171127691255163,0.04697374356725022,0.0,433.6428426943724,433.2290192364773,432.9555888807882,433.12199359509736
2.760000000000002,-1.222370930296391,-0.4770987009469056,18.089688751472814,6.205754456930503,0.11293842298719348,0.0,-1.4968591132233986,-0.8372526673778347,5.217361433186909,-0.023488953205126395,0.03399399898520399,0.0,477.9931336500753,477.00368791386234,476.35464095117294,477.7457686854634
2.820000000000002,-1.3144580232888499,-0.5288706005418039,18.404715323580422,6.2045892271150365,0.11485609587026513,0.0,-1.5728807587579903,-0.8885766933665105,5.283112190716585,-0.012323143101042398,0.027550461772170794,0.0,454.9866081450278,454.4706997230307,455.3318879072148,456.2244609361694
2.880000000000002,-1.4106374098739947,-0.5833967748098674,18.71928539145777,6.204155094184864,0.11675251553838617,0.0,-1.6332934777847834,-0.9290376108775978,5.202852955173552,0.001375946532860421,0.03868542411045096,0.0,407.880720383162,408.87458995245174,407.5849944524683,408.80781873570595
2.940000000000002,-1.5110172931926804,-0.6407180362995665,19.033605345501073,6.204657271647459,0.11966749065605242,0.0,-1.712938542549902,-0.9816151209160209,5.274038003297068,0.019592106185550618,0.06331675963328479,0.0,455.2494940801391,457.2177310831991,457.42355289290407,458.8720375971352
3.000000000000002,-1.615883879089221,-0.7009498506022254,19.349229024371358,6.20561775935181,0.1235043753343561,0.0,-1.7829615094507816,-1.0260353866975005,5.246770535916623,0.007652625248211246,0.06518115369487569,0.0,427.16188361074757,427.3240365165908,426.4693474991468,425.44805007955284
3.0600000000000023,-1.7251094849972697,-0.7638892143528108,19.663911561202458,6.206064802399137,0.12711697912933762,0.0,-1.8582374064482858,-1.0719082247734641,5.242543839618117,0.0070438023078944765,0.047737195616086796,0.0,434.9459312448613,433.4848644158421,434.12498291068147,434.0737730431141
3.1200000000000023,-1.8396356379487095,-0.8300059769490052,19.983915344162575,6.206595261467328,0.12964532699679854,0.0,-1.9595180458048527,-1.131864938152765,5.423246596029692,0.012212776412561728,0.027550811885512824,0.0,491.13771030609166,489.63876152963337,491.4631472485961,491.8460447138978
3.1800000000000024,-1.9599552109315925,-0.8995083538509708,20.312136710105932,6.206981978503906,0.1309897818926835,0.0,-2.0512519477741002,-1.1847911706260337,5.516897251536496,-0.008753646109210787,0.009366759135058134,0.0,468.172588618863,466.75537308,467.8114978727844,466.17571939752185
3.2400000000000024,-2.085568996519477,-0.9720462024568648,20.644151363297148,6.206610173485544,0.13169155661755028,0.0,-2.135940160108214,-1.2331716007502387,5.549994954983121,-0.0015189456897555563,0.015989659745874914,0.0,449.32694444636576,449.86351963435834,449.4360212255247,450.0222232771685
3.3000000000000025,-2.2168444312268076,-1.0478159099422946,20.982336151356854,6.206926940368705,0.13318090837598184,0.0,-2.239961188139102,-1.2924084052726832,5.7218331351116785,0.016246778874029394,0.03832823748265271,0.0,491.3839608195607,493.0374604806936,491.16168469241126,492.47766078784593
3.3600000000000025,-2.3540154408885083,-1.1269089005408348,21.327905362304197,6.207798199821649,0.13614615691608023,0.0,-2.3326426391116883,-1.3439108271952789,5.796612812298259,0.010824520128536404,0.06546388595616841,0.0,464.94271503278054,467.065565874416,464.67471757295453,464.2492616076025
3.4200000000000026,-2.496737875738428,-1.2090342188425542,21.67736382872797,6.208547890146438,0.13969434176665008,0.0,-2.4251140172997157,-1.393516352593918,5.8515451009463195,0.015642027889883323,0.041835535760416626,0.0,462.235860546178,460.3718727704382,459.02310473235025,459.40520178206765
3.4800000000000026,-2.6450477168663884,-1.2941064254591956,22.02987942395789,6.209259675492156,0.14186662006526163,0.0,-2.518765819652644,-1.4421347572840422,5.898582986939724,0.0029663023330036313,0.021499471033008182,0.0,459.49460887670284,457.87979410305087,459.2806423576695,458.273867224253
3.5400000000000027,-2.7982880257786347,-1.38170778517865,22.380080556268883,6.210053502059065,0.14371068705419354,0.0,-2.5894899291928706,-1.4779337747598331,5.775342974985142,0.028377452174435887,0.04471169165949631,0.0,402.17994495468395,404.2778328487045,402.4400641127481,404.7341633771613
3.6000000000000028,-2.95604455834573,-1.4715634115138452,22.72448753979966,6.211950358423362,0.1460940779224087,0.0,-2.6693494540563933,-1.5171560509697959,5.705140334662205,0.037407295569874516,0.02719102764052983,0.0,420.96367773488174,419.44534650142685,420.3466060338519,421.1289937819485
3.660000000000003,-3.1187471764445838,-1.5637984742307318,23.065418937884886,6.214207156129579,0.14762104267658493,0.0,-2.7542801872681135,-1.5571994201070531,5.659379149981739,0.03802204522363492,0.021716957944185607,0.0,428.8219594175792,428.3567393699195,427.5500841429562,427.6031995221416
3.720000000000003,-3.2869884996122862,-1.6585905052824301,23.40632511452176,6.2170383938147395,0.14901876820629845,0.0,-2.8539057276605826,-1.602294019321347,5.703823000294912,0.06108175710561141,0.02627861873574728,0.0,457.52019244507716,457.8833431810666,454.92209576956503,456.76638938166997
3.780000000000003,-3.460888547824473,-1.7558791119511912,23.747512619563423,6.220202404032417,0.15041714292157415,0.0,-2.942967694191597,-1.640405806862963,5.669187459864238,0.025486947100711532,0.016578049117122653,0.0,432.8257447510557,432.008450685245,433.4392606508277,430.4384404151898
3.840000000000003,-3.64050205860596,-1.8555514463436897,24.08881317183063,6.2220349006438305,0.15204116363200448,0.0,-3.044301437002863,-1.6818526755483567,5.707177549730939,0.03910414702409772,0.04246029840362098,0.0,454.03698061978304,456.10932080819003,454.9380552496101,456.02757688011303
3.900000000000003,-3.826078357189137,-1.9576125124225954,24.431302116659545,6.2240512932381336,0.15514700860257857,0.0,-3.14187520699047,-1.7200063716644358,5.708960969183234,0.019367914441334337,0.06581917573830776,0.0,444.05914344336566,445.97323156815276,444.8672127233069,443.24829322212565
3.960000000000003,-4.018193245138045,-2.062164682286496,24.777770897042924,6.225014586123876,0.15953044050352272,0.0,-3.2623302261661866,-1.7649207856539577,5.839065472803228,0.0084325930060893,0.08459019725492826,0.0,483.22702906076955,484.6437974865533,484.9845482800766,484.16224239187846
4.020000000000002,-4.217186751083653,-2.1692316810263086,25.129183115010715,6.22559741830165,0.1655179411205463,0.0,-3.3713074272426775,-1.8039246320904594,5.874208689685867,0.01216062989894577,0.11982875243904516,0.0,456.0908900879618,458.9049869784835,457.2787635880231,457.57558151974706
4.080000000000001,-4.422550624862399,-2.278528635799417,25.480914136437406,6.22678962498008,0.1726794833990164,0.0,-3.4748008149908505,-1.8392389562931262,5.8499824106333564,0.03200608360073769,0.1184036056491828,0.0,440.67996968700857,440.57508047826445,437.8078601330735,439.4563318988577
4.14,-4.633695297431594,-2.389745997496275,25.827976741491707,6.228629274837605,0.18010843776207786,0.0,-3.564005200490707,-1.8679313885468454,5.719205148529559,0.027825171319065905,0.13288352021427863,0.0,403.1567846891047,404.47877446710436,404.2705114871235,403.8939251113172
4.199999999999998,-4.85135727784402,-2.502973186573935,26.172871039754842,6.231166759798551,0.18750406165668387,0.0,-3.69211301324917,-1.9060902791447578,5.77658321034804,0.06167168587395184,0.0846867332462011,0.0,466.6310660869332,462.86436227001855,463.8775360752114,466.52915408059874
4.259999999999997,-5.076458464325437,-2.6183334450362485,26.519114149910187,6.23485714242303,0.1929636459394839,0.0,-3.811777776986019,-1.9389606105113582,5.764647903131867,0.0611738447384255,0.10129834165417419,0.0,444.5601102215411,445.926295531282,443.7662295582113,443.7280650135396
4.319999999999996,-5.3085919193062105,-2.7355446503581615,26.86328662355338,6.238523969685378,0.19879838004299621,0.0,-3.926588439402105,-1.9678264592395442,5.707787136683967,0.06099345681326667,0.08757842969647028,0.0,430.9091284313659,429.7558169429857,430.2101253442304,430.19764524842213
4.379999999999995,-5.547939932636049,-2.854482139548591,27.20509419460485,6.242570092386746,0.20382076750624822,0.0,-4.052199711645404,-1.9964593827014487,5.685630040671259,0.07792468954763357,0.07455464706993571,0.0,442.56424720561915,441.4964301354758,440.53186441844656,441.9333527517073
4.439999999999993,-5.7947099343343895,-2.975030454501719,27.544490845697585,6.24712923178955,0.20939526156061739,0.0,-4.174011055573645,-2.021493937441445,5.62762596884687,0.0717970789495275,0.11557450957422954,0.0,427.83484401367474,431.3209656251634,431.04113187877584,430.52759467540636
4.499999999999992,-6.0493780128309105,-3.0970941003893158,27.882594684809273,6.251285186410939,0.21635530055688612,0.0,-4.315582177932916,-2.0469351646251104,5.642030837444782,0.0636537861407002,0.11683881904177308,0.0,453.73035288162754,453.84359527584326,454.045087466919,453.394668449395
4.559999999999991,-6.312412690586175,-3.220577802619943,28.220285564719283,6.254964148143831,0.22319696336416506,0.0,-4.452908284660457,-2.0689019126557104,5.61408101625244,0.05617689826273742,0.10771783020766035,0.0,441.9235381204862,441.18253296878817,441.0873654105526,440.47201937804476
4.6199999999999894,-6.584442290195626,-3.345398641012196,28.558973839712237,6.258915629772151,0.23000792040536044,0.0,-4.615368608285866,-2.091446812728899,5.6747363391621395,0.08034511635442564,0.1231247527762155,0.0,469.52749470553744,470.732094780645,468.4211075875417,470.3000215197835
4.679999999999988,-6.86605643691716,-3.471464444442876,28.899888529478925,6.263757135259011,0.23703380513355476,0.0,-4.772459605685126,-2.1103394999568414,5.688536585647413,0.08137576174028954,0.10096726394497181,0.0,458.0554696500666,456.30120490858,456.42572939619834,456.51305443641706
4.739999999999987,-7.156594680693133,-3.598532167503781,29.238909130337543,6.2694028433289475,0.24359991111905277,0.0,-4.912819640076006,-2.1248836881444455,5.612163409876648,0.1118037040379631,0.12249589981639876,0.0,426.70260682039174,428.54782123255984,428.1320636484979,430.72128284744343
4.799999999999986,-7.457080076902277,-3.726458915367621,29.57888018956089,6.276052615659616,0.2506383751634127,0.0,-5.104023833753847,-2.138681793054271,5.719051491311186,0.10880820577927809,0.10413286047087165,0.0,487.5616842861532,486.1983787167004,486.3731468395538,486.15840930757395
4.859999999999984,-7.7692950107872925,-3.855085273494353,29.925538628680123,6.282239755496079,0.25706754640183416,0.0,-5.303713785045297,-2.148229380903677,5.835003719256461,0.08821904680791653,0.11259176123323188,0.0,490.9563685317426,491.59255774991317,492.55415846389235,491.03674448489033
4.919999999999983,-8.093173753995073,-3.9841657200444622,30.27725177811773,0.004364684710279398,0.2638165609717458,0.0,-5.4928831728837135,-2.1539813141492665,5.887860139329982,0.08906733951492075,0.11226652075432399,0.0,475.8202098073528,475.8056251526846,474.3044082535181,474.3755402818434
4.979999999999982,-8.42805732852171,-4.113505438008519,30.63020223628291,0.009259648392808018,0.2708003191840129,0.0,-5.670594133070359,-2.156931329814056,5.87661746509698,0.059183685337168807,0.12358098294787116,0.0,456.1028238817193,457.0174534987668,458.52705298841727,456.15108759077737
5.0399999999999805,-8.773539124704305,-4.242956753998908,30.981621265939,0.012913815410337648,0.27797830865878304,0.0,-5.846204211769373,-2.157843301776369,5.836922578214864,0.06413519387793888,0.11026944968833616,0.0,448.68861388698986,447.61898132362273,449.66832701396635,450.07195446330155
